24
8
9
25
26
10
11
27
28
12
13
29
30
14
15
31
40
56
57
41
42
58
59
43
44
60
61
45
46
62
63
47
88
72
73
89
90
74
75
91
92
76
77
93
94
78
79
95
104
120
121
105
106
122
123
107
108
124
125
109
110
126
127
111
96
112
113
97
98
114
115
99
100
116
117
101
102
118
119
103
80
64
65
81
82
66
67
83
84
68
69
85
86
70
71
87
32
48
49
33
34
50
51
35
36
52
53
37
38
54
55
39
16
0
1
17
18
2
3
19
20
4
5
21
22
6
7
23
240
241
225
224
208
209
193
192
176
177
161
160
144
145
129
128
243
242
226
227
211
210
194
195
179
178
162
163
147
146
130
131
244
245
229
228
212
213
197
196
180
181
165
164
148
149
133
132
247
246
230
231
215
214
198
199
183
182
166
167
151
150
134
135
255
254
238
239
223
222
206
207
191
190
174
175
159
158
142
143
252
253
237
236
220
221
205
204
188
189
173
172
156
157
141
140
251
250
234
235
219
218
202
203
187
186
170
171
155
154
138
139
248
249
233
232
216
217
201
200
184
185
169
168
152
153
137
136
